# name: debug
# type: sparse matrix
# nnz: 126
# rows: 12
# columns: 12

1 1 0.451773844
2 1 0.082250610
3 1 -0.198879007
4 1 -0.091812860
5 1 -0.027416870
6 1 0.028613179
7 1 -0.091812860
8 1 -0.027416870
9 1 0.028613179
10 1 -0.091812860
11 1 -0.027416870
12 1 0.028613179
1 2 0.082250610
2 2 0.200896685
3 2 0.253701588
4 2 -0.027416870
5 2 -0.008187140
6 2 -0.095819027
7 2 -0.027416870
8 2 -0.008187140
9 2 -0.095819027
10 2 -0.027416870
11 2 -0.008187140
12 2 -0.095819027
1 3 -0.198879007
2 3 0.253701588
3 3 6.300996698
4 3 -0.502547029
5 3 -0.254432432
6 3 -0.081971457
7 3 0.479014450
8 3 0.038678396
9 3 -0.019911484
10 3 0.222411586
11 3 -0.037947551
12 3 -0.114711919
1 4 -0.091812860
2 4 -0.027416870
3 4 -0.502547029
4 4 0.452682076
5 4 0.080839814
6 4 -1.683435280
7 4 -0.092266976
8 4 -0.026711472
9 4 -0.027808315
10 4 -0.092266976
11 4 -0.026711472
12 4 -0.027808315
1 5 -0.027416870
2 5 -0.008187140
3 5 -0.254432432
4 5 0.080839814
5 5 0.199988453
6 5 -0.591467773
7 5 -0.026711472
8 5 -0.007733024
9 5 0.096055700
10 5 -0.026711472
11 5 -0.007733024
12 5 0.096055700
1 6 0.028613179
2 6 -0.095819027
3 6 -0.081971457
4 6 -1.683435280
5 6 -0.591467773
6 6 16.475282340
7 6 0.955642890
8 6 0.380766772
9 6 -0.070651736
10 6 0.699179210
11 6 0.306520029
12 6 0.026392019
1 7 -0.091812860
2 7 -0.027416870
3 7 0.479014450
4 7 -0.092266976
5 7 -0.026711472
6 7 0.955642890
7 7 0.360415100
8 7 0.054128342
9 7 -0.000804864
1 8 -0.027416870
2 8 -0.008187140
3 8 0.038678396
4 8 -0.026711472
5 8 -0.007733024
6 8 0.380766772
7 8 0.054128342
8 8 0.192255429
9 8 -0.000236673
1 9 0.028613179
2 9 -0.095819027
3 9 -0.019911484
4 9 -0.027808315
5 9 0.096055700
6 9 -0.070651736
7 9 -0.000804864
8 9 -0.000236673
9 9 0.176335264
1 10 -0.091812860
2 10 -0.027416870
3 10 0.222411586
4 10 -0.092266976
5 10 -0.026711472
6 10 0.699179210
10 10 0.360415100
11 10 0.054128342
12 10 -0.000804864
1 11 -0.027416870
2 11 -0.008187140
3 11 -0.037947551
4 11 -0.026711472
5 11 -0.007733024
6 11 0.306520029
10 11 0.054128342
11 11 0.192255429
12 11 -0.000236673
1 12 0.028613179
2 12 -0.095819027
3 12 -0.114711919
4 12 -0.027808315
5 12 0.096055700
6 12 0.026392019
10 12 -0.000804864
11 12 -0.000236673
12 12 0.176335264
